4.703553602988311960e-02 1.645596464725134281e-02 4.880570187780446934e-01 3.115787794734772853e-02 4.459976705201952607e-02 5.141525454017275010e+00 4.573926292525325010e+00 5.556000000000000175e-03
6.502898656723866966e-02 2.393540868183535036e-02 1.052502681116257888e+00 6.719245665103390497e-02 6.549511580750808082e-02 -1.021403798014491393e+01 1.038208556668293348e+01 5.556000000000000175e-03
5.673227717461860886e-02 1.973688470303764514e-02 7.224500874240759041e-01 4.612168410848529326e-02 5.426267918428877290e-02 8.333922882937423893e+00 7.174944558490035540e+00 5.556000000000000175e-03
6.235383550726026486e-02 1.821724988430440534e-02 6.110625559748780189e-01 3.901063155474915334e-02 4.990455015167861302e-02 -4.575875379795146358e+00 6.025100524145842407e+00 5.556000000000000175e-03
5.325847568354998007e-02 1.619761209750785608e-02 4.706022652539227358e-01 3.004355511419335226e-02 4.379497831571756150e-02 1.212918116700381077e+01 4.591360906365322236e+00 5.556000000000000175e-03
7.582373122072250116e-02 3.610545058472233726e-02 2.154703708551654273e+00 1.375576880993112094e-01 9.371111139423472791e-02 -1.526835605913485594e+01 2.109308066611594512e+01 5.556000000000000175e-03
7.310076676159524278e-02 2.855524405270781774e-02 1.448181608032956591e+00 9.245285704866593179e-02 7.682610629186098494e-02 1.517134681954590292e+01 1.442042147143071418e+01 5.556000000000000175e-03
7.566857905264348649e-02 2.680563878460725385e-02 1.294697703622680107e+00 8.265434462798376680e-02 7.264094708441402870e-02 -1.121761689123105299e+01 1.307423144070730991e+01 5.556000000000000175e-03
6.480852833968765714e-02 2.361073534374293070e-02 1.025906348466545159e+00 6.549452945264712389e-02 6.466230290087311705e-02 1.861440735236111976e+01 1.024433205024333837e+01 5.556000000000000175e-03
7.474611086916596592e-02 2.699811412238857511e-02 1.311373991914640769e+00 8.371896973370730743e-02 7.310727428548996487e-02 -1.308157977620016332e+01 1.283528640956811628e+01 5.556000000000000175e-03
4.979398281113184277e-02 1.877254504841107882e-02 6.512239471332518237e-01 4.157456092316865609e-02 5.151841463586448455e-02 5.909604807495340673e+00 6.175361382547151834e+00 5.556000000000000175e-03
5.692049566499098046e-02 1.866166033493302928e-02 6.431535297526566053e-01 4.105934022137788103e-02 5.119819353678833201e-02 -8.070214166011002277e+00 6.307330586237570813e+00 5.556000000000000175e-03
6.408264466276177018e-02 2.377070315898121428e-02 1.038989292895492467e+00 6.632975314583297588e-02 6.507330206001030182e-02 9.814943424176286513e+00 1.013467240287264737e+01 5.556000000000000175e-03
5.304720912233155949e-02 1.819635901822075005e-02 6.095641369018132139e-01 3.891497150521349563e-02 4.984332579168693905e-02 -6.655003713570004642e+00 5.821839716008995858e+00 5.556000000000000175e-03
4.464206532863740362e-02 1.628177244252404163e-02 4.762711181272400451e-01 3.040545837371520441e-02 4.405796483574145328e-02 4.864437655648026215e+00 4.764111432197270624e+00 5.556000000000000175e-03
6.987394142597067037e-02 2.562118571699199474e-02 1.193252206860984765e+00 7.617799804388429574e-02 6.973702753478046301e-02 -1.189889378451644575e+01 1.185609328111625516e+01 5.556000000000000175e-03
6.870777036884020972e-02 2.426936880009708877e-02 1.080035287845575454e+00 6.895015619645225580e-02 6.634623484718170372e-02 1.177836151736992498e+01 1.110678212467591486e+01 5.556000000000000175e-03
5.524991159039322614e-02 2.032583727331063739e-02 7.668414286759011045e-01 4.895565624581142000e-02 5.590492804085075984e-02 -7.429028466226379024e+00 7.639727509848132314e+00 5.556000000000000175e-03
7.080498326508136153e-02 2.623513849562162520e-02 1.245580559171562074e+00 7.951867413652800864e-02 7.124972945143757952e-02 1.252394805740134842e+01 1.269942210827073126e+01 5.556000000000000175e-03
6.347455907901199124e-02 2.263790639656924550e-02 9.472457252943887740e-01 6.047278403815291303e-02 6.213390313307877444e-02 -1.014656616334761452e+01 9.779562377132554829e+00 5.556000000000000175e-03
5.086926795088184128e-02 1.843350118604667257e-02 6.266269883220081383e-01 4.000427505280972074e-02 5.053611554038891368e-02 7.827495937112236568e+00 6.203290012244529805e+00 5.556000000000000175e-03
6.879309571750687191e-02 2.431229654654484124e-02 1.083587157119879185e+00 6.917690984423457978e-02 6.645524041755532241e-02 -4.385252653385385280e+00 1.097446931226004807e+01 5.556000000000000175e-03
8.172037069537141374e-02 3.081867996557388287e-02 1.652786320916121543e+00 1.055149551769278271e-01 8.207401208507686396e-02 1.604074362315568791e+01 1.620100807427734679e+01 5.556000000000000175e-03
7.078614247058893916e-02 2.546571515095042218e-02 1.180089819667986983e+00 7.533770267290086642e-02 6.935133744654028987e-02 -1.282221780462094607e+01 1.250812848788766196e+01 5.556000000000000175e-03
4.787454948398355004e-02 1.675523797797978665e-02 5.084700220732718545e-01 3.246105737257947571e-02 4.552290680914396204e-02 5.548128426557076054e+00 4.988621993703961088e+00 5.556000000000000175e-03
6.445013645680404413e-02 2.281066196720721306e-02 9.610996216995479902e-01 6.135722580761644729e-02 6.258662203015029346e-02 -9.823485109780603963e+00 9.209742342543446370e+00 5.556000000000000175e-03
4.919580101873229083e-02 1.691584779492241730e-02 5.195094311617608485e-01 3.316582043868837593e-02 4.601442792757813594e-02 5.725617080100340317e+00 4.937448253932849696e+00 5.556000000000000175e-03
6.565120309690319900e-02 2.391793361959008643e-02 1.051066867936252702e+00 6.710079340248600865e-02 6.545042668426145904e-02 -1.021451670912006193e+01 1.011925584889233853e+01 5.556000000000000175e-03
9.078069984070845366e-02 3.585962162205608844e-02 2.130673289641775270e+00 1.360235705052393884e-01 9.318708779855554292e-02 1.931956208129951591e+01 2.023634608534896628e+01 5.556000000000000175e-03
6.763652535172227920e-02 2.455673794646761124e-02 1.103867435840311773e+00 7.047161604616875019e-02 6.707424145020801642e-02 -1.102615597236325939e+01 1.085740528039199937e+01 5.556000000000000175e-03
4.796632845804781053e-02 1.553646768009294028e-02 4.266572241481293437e-01 2.723807506886245788e-02 4.170007736669342768e-02 1.404844509295117128e+01 4.102127661942694736e+00 5.556000000000000175e-03
6.083108347524721765e-02 2.436969395409166461e-02 1.088340778981415680e+00 6.948038415987996264e-02 6.660084816965058940e-02 -9.440069746959791175e+00 1.065054005657220770e+01 5.556000000000000175e-03
7.954965952119756600e-02 3.008105206250931418e-02 1.585386789054963552e+00 1.012121251660077909e-01 8.038313249331159593e-02 1.583133725607345532e+01 1.618168767016754472e+01 5.556000000000000175e-03
6.044728212465261957e-02 2.157900960115752623e-02 8.634441738526318355e-01 5.512283841467220669e-02 5.932181643848136177e-02 -8.804571458908821313e+00 8.455631736752389216e+00 5.556000000000000175e-03
4.868837848768434867e-02 1.760738510693833636e-02 5.677004406177538209e-01 3.624236586886928069e-02 4.810131226380721936e-02 5.626099789693113529e+00 5.488259613711815810e+00 5.556000000000000175e-03
6.778428405304832982e-02 2.420348210820314622e-02 1.074589425543336363e+00 6.860248880022042084e-02 6.617875463763499277e-02 -1.083288440540798447e+01 1.026605304103319050e+01 5.556000000000000175e-03
9.390124751633240063e-02 3.705290676739477623e-02 2.247914351442301673e+00 1.435083162489729502e-01 9.571658359670422167e-02 2.053700254289609006e+01 2.127477446503135994e+01 5.556000000000000175e-03
7.159353784720014213e-02 2.658066687950891294e-02 1.275272828124598634e+00 8.141424792488338724e-02 7.209395683500315066e-02 -1.237271161680087417e+01 1.254224631406392731e+01 5.556000000000000175e-03
7.999288186520800426e-02 3.068296484022529913e-02 1.640334457791993161e+00 1.047200201252610346e-01 8.176426045838480761e-02 1.607017043809845802e+01 1.685460737491030159e+01 5.556000000000000175e-03
8.075081549814255855e-02 3.020130191690497193e-02 1.596327719048772353e+00 1.019106012625734664e-01 8.066002205774094880e-02 -1.599652461804418202e+01 1.602501614094023452e+01 5.556000000000000175e-03
4.793804614338822295e-02 1.668023673306908219e-02 5.033349738687018515e-01 3.213323255077418089e-02 4.529245515778153319e-02 5.348117042897459150e+00 4.864698977994249773e+00 5.556000000000000175e-03
6.294246912747104850e-02 2.297692692274876450e-02 9.744802209043998964e-01 6.221145197555678213e-02 6.302078714248572633e-02 -1.481110646975292333e+01 9.540831402696094088e+00 5.556000000000000175e-03
5.333343876766719061e-02 1.860376106422952092e-02 6.389494956809319559e-01 4.079095194817724396e-02 5.103058827085634602e-02 6.833439430282695071e+00 6.234193720455354359e+00 5.556000000000000175e-03
6.297759303515643170e-02 2.260892540723193067e-02 9.449265575858675215e-01 6.032472686118114241e-02 6.205779444956292107e-02 -9.299296302665171154e+00 8.992084516253310511e+00 5.556000000000000175e-03
4.839574760036408768e-02 1.746357663596546581e-02 5.575920552569624267e-01 3.559703996390666675e-02 4.767114657138691453e-02 5.659139302653406922e+00 5.493029314096674831e+00 5.556000000000000175e-03
7.305932018491349822e-02 2.703637123662227040e-02 1.314694890586374676e+00 8.393097806779184489e-02 7.319978349408934326e-02 -1.295735773618091002e+01 1.302564665086044116e+01 5.556000000000000175e-03
7.640602043553804124e-02 2.840988675862275020e-02 1.435270601130469004e+00 9.162860995915113327e-02 7.648287479525463228e-02 1.425480115466251974e+01 1.428071661696648853e+01 5.556000000000000175e-03
7.289336480617070180e-02 2.648643691670815939e-02 1.267158258403927151e+00 8.089620850894599369e-02 7.186422363330689789e-02 -1.268659816937137919e+01 1.230038577411987966e+01 5.556000000000000175e-03
9.456549660736114638e-02 3.781323132751895910e-02 2.323385611448020249e+00 1.483264506417089901e-01 9.731010848354171294e-02 2.172348046583573833e+01 2.299588254693749789e+01 5.556000000000000175e-03
8.850517832484895708e-02 3.383925291398252183e-02 1.935657429927860829e+00 1.235736310084639827e-01 8.882016148562191238e-02 -1.907563101944648665e+01 1.923901217170380917e+01 5.556000000000000175e-03
6.102459479458737651e-02 2.245908150491496280e-02 9.329581657072829604e-01 5.956065692871172906e-02 6.166353160354401397e-02 9.075606195946873456e+00 9.284610379872564323e+00 5.556000000000000175e-03
5.909071615415175532e-02 2.113881347974227998e-02 8.291856123630858555e-01 5.293574953678759770e-02 5.813306053494075171e-02 -8.634418840776083570e+00 8.368223569234240600e+00 5.556000000000000175e-03
5.951261575371020324e-02 2.210506873400005026e-02 9.048344941090233906e-01 5.776522341710318975e-02 6.072700787199460104e-02 1.021766819650616753e+01 8.892215760833892091e+00 5.556000000000000175e-03
6.577694644452458661e-02 2.241501122618919789e-02 9.294454240988703209e-01 5.933640121660349598e-02 6.154733543463847961e-02 -4.056680018643904262e+00 9.138973641274910520e+00 5.556000000000000175e-03
6.163550583527572374e-02 2.280486367252242824e-02 9.606338225812142140e-01 6.132748888852990188e-02 6.257145381771894721e-02 9.108656486913462302e+00 9.619857129999825673e+00 5.556000000000000175e-03
6.008658441465304645e-02 2.297723636264318789e-02 9.745051668309996362e-01 6.221304453975803894e-02 6.302159377859567480e-02 -6.123310180974028682e+00 9.615085234377911405e+00 5.556000000000000175e-03
7.773396239865805468e-02 3.516178094801629406e-02 2.062809844268929549e+00 1.316911239535891731e-01 9.169104167159601582e-02 1.689284423918326183e+01 1.977443037203535070e+01 5.556000000000000175e-03
7.142914638521970228e-02 2.460231875948460170e-02 1.107659396087776082e+00 7.071369725804742268e-02 6.718934802744519486e-02 -1.593625585276127055e+01 1.083773924316753856e+01 5.556000000000000175e-03
5.379878925809426088e-02 1.904760201856042084e-02 6.713508682981098596e-01 4.285947667887409634e-02 5.230847833090616905e-02 7.621866063166065075e+00 6.507499789231143694e+00 5.556000000000000175e-03
7.299938041402470601e-02 2.753647088395064571e-02 1.358295059684703210e+00 8.671444125955313220e-02 7.440367199672461018e-02 -1.370525730439828571e+01 1.324829698773058873e+01 5.556000000000000175e-03
5.469325507332142150e-02 1.847998316864093993e-02 6.299851688245209358e-01 4.021866348325259938e-02 5.067134960646783870e-02 7.291647487431169417e+00 6.249873207708894540e+00 5.556000000000000175e-03
4.583959423062985289e-02 1.813694538042569596e-02 6.053076443104290494e-01 3.864323424595188933e-02 4.966899679240728560e-02 -5.077617965692913238e+00 5.876131283237090663e+00 5.556000000000000175e-03
5.203236664500087566e-02 1.876377029885192838e-02 6.505843891452670613e-01 4.153373112467549644e-02 5.149311066215415261e-02 6.554038506622215543e+00 6.415879380326897419e+00 5.556000000000000175e-03
6.319188600359461339e-02 2.291386165000046729e-02 9.693994522269193670e-01 6.188709239411279567e-02 6.285628278164159810e-02 -9.468044752163487843e+00 9.292676595146954099e+00 5.556000000000000175e-03
4.709467921599026774e-02 1.693862807885411145e-02 5.210799494202452697e-01 3.326608334717897492e-02 4.608392807564196808e-02 5.420231782258738029e+00 5.201182409573632093e+00 5.556000000000000175e-03
5.836631652332339992e-02 2.079425757787766935e-02 8.026143051226578562e-01 5.123941997682845279e-02 5.719403765465599226e-02 -8.251621419719171513e+00 7.917512010797375765e+00 5.556000000000000175e-03
7.603200505685654698e-02 2.773673542926110083e-02 1.375852372447298189e+00 8.783531154128784713e-02 7.488299870730404095e-02 1.455564049557997031e+01 1.412464426475367674e+01 5.556000000000000175e-03
6.496017927694641703e-02 2.381672269916945694e-02 1.042760624294943650e+00 6.657051739861906403e-02 6.519129687082082791e-02 -1.005978601906463332e+01 1.014026607066413987e+01 5.556000000000000175e-03
5.418071808964054770e-02 1.950231827846125171e-02 7.049558872116064023e-01 4.500484297305542419e-02 5.360166496275454995e-02 6.997119647424714373e+00 6.812352267711442977e+00 5.556000000000000175e-03
8.547070612970263104e-02 3.250946375831478830e-02 1.809798581982936305e+00 1.155387201845605449e-01 8.588403312750038376e-02 -1.781310273133586364e+01 1.809855086429298510e+01 5.556000000000000175e-03
5.207752871556864394e-02 1.943993459148423558e-02 7.003213409572047743e-01 4.470897052172273511e-02 5.342517942680574672e-02 8.160178629810644679e+00 6.811951853646108113e+00 5.556000000000000175e-03
6.910682995682990160e-02 2.606789234939460229e-02 1.231270910086512238e+00 7.860513681915132222e-02 7.083927674377007988e-02 -4.022322480542925405e+00 1.240380209933368150e+01 5.556000000000000175e-03
5.032098463373509828e-02 1.812723968464609661e-02 6.046130179162531038e-01 3.859888884454176078e-02 4.964048955294712850e-02 6.090059145540876351e+00 5.925991348620782695e+00 5.556000000000000175e-03
8.631858627122517003e-02 3.306912957151211113e-02 1.862520089697754955e+00 1.189044955742707549e-01 8.712600323229367782e-02 -1.816578336124860016e+01 1.852841826377996526e+01 5.556000000000000175e-03
6.594209186974045456e-02 2.420162863607087933e-02 1.074436325872393683e+00 6.859271481751456900e-02 6.617404013634514692e-02 1.045551061095260259e+01 1.054969768742024527e+01 5.556000000000000175e-03
6.556803475085523636e-02 2.380696154586875793e-02 1.041960407311652625e+00 6.651943102522932250e-02 6.516627809189388942e-02 -1.048116013554714954e+01 1.036934060316577622e+01 5.556000000000000175e-03
6.162044910354257804e-02 2.211491696484330430e-02 9.056139494532490231e-01 5.781498435393306323e-02 6.075315840103714254e-02 8.921952276947870075e+00 8.614780795628197652e+00 5.556000000000000175e-03
8.491079907149200190e-02 3.266296183505908862e-02 1.824222003028164174e+00 1.164595207779739877e-01 8.622558585385721452e-02 -1.819675027083909669e+01 1.878536349282210338e+01 5.556000000000000175e-03
7.640067712311805759e-02 2.883205814587961463e-02 1.472847002415139661e+00 9.402751189044530888e-02 7.747759417167393581e-02 1.383219513252688238e+01 1.423677464499007783e+01 5.556000000000000175e-03
5.467618223364648783e-02 1.965072042971292843e-02 7.160114257270858706e-01 4.571063575228838383e-02 5.402033651768702038e-02 -7.354293232128912727e+00 7.212355176408288493e+00 5.556000000000000175e-03
6.456091313886686001e-02 2.141082262733553371e-02 8.503140257252973511e-01 5.428460120663783361e-02 5.886904361598874896e-02 6.299954648450852623e+00 8.346485619812172629e+00 5.556000000000000175e-03
6.114604814946215938e-02 2.017459355718695391e-02 7.553786966820141835e-01 4.822386796971429163e-02 5.548552188722227080e-02 -9.756730149895053827e+00 7.228843217747259686e+00 5.556000000000000175e-03
5.116572709649261363e-02 1.832767982163664711e-02 6.189984395180612164e-01 3.951726352873848047e-02 5.022756057213208919e-02 6.276448830615976249e+00 6.037201354540250975e+00 5.556000000000000175e-03
7.320617733337855815e-02 2.684094942395094316e-02 1.297753115070266361e+00 8.284940408476849927e-02 7.272661078369327403e-02 -1.294255781255852078e+01 1.275429596182982550e+01 5.556000000000000175e-03
5.185873543882630471e-02 1.827124485951234223e-02 6.149396390365985399e-01 3.925814706252992586e-02 5.006261756104519317e-02 6.303801913740093354e+00 5.808874015594803986e+00 5.556000000000000175e-03
6.782140721694328300e-02 2.470498165551466771e-02 1.116211938312091867e+00 7.125969712386628907e-02 6.744824293777718083e-02 -1.164438773698495666e+01 1.156924176736054477e+01 5.556000000000000175e-03
7.165008459016281028e-02 2.669003882661701368e-02 1.284707343175164773e+00 8.201655351035361252e-02 7.236014229520053298e-02 1.264055547335733642e+01 1.289648872888417408e+01 5.556000000000000175e-03
5.140047072766049802e-02 1.797258615615189570e-02 5.935714862230638822e-01 3.789399026996636416e-02 4.918513005939112448e-02 -6.255321863397601767e+00 5.683529746850584985e+00 5.556000000000000175e-03
7.106036408026339402e-02 2.630345485000625330e-02 1.251437466887091343e+00 7.989258293965564861e-02 7.141704648344987527e-02 1.240952951469674481e+01 1.253164968944117241e+01 5.556000000000000175e-03
6.787203871283276069e-02 2.513187191175551144e-02 1.151948940768980467e+00 7.354117063600563997e-02 6.851945877134581198e-02 -1.108709440782425126e+01 1.129193654101048949e+01 5.556000000000000175e-03
6.232037761843432083e-02 2.490602198948639601e-02 1.133007161963883958e+00 7.233191514042335013e-02 6.795378261656566388e-02 9.524100107124379377e+00 1.114171182559748807e+01 5.556000000000000175e-03
7.257521201164778002e-02 2.795924546326580482e-02 1.395424731463395629e+00 8.908482368823346376e-02 7.541374652315545324e-02 -1.632404724747163627e+01 1.424239614752062799e+01 5.556000000000000175e-03
5.779301280975305405e-02 2.101906916508268497e-02 8.199267177760772851e-01 5.234465567609144360e-02 5.780758522993691834e-02 8.089412152317738247e+00 8.092905040480069090e+00 5.556000000000000175e-03
6.661317420461755623e-02 2.418347302711832542e-02 1.072936931232754576e+00 6.849699248717343314e-02 6.612785050229798289e-02 -1.079165489333159833e+01 1.064438476282973767e+01 5.556000000000000175e-03
5.845370565077451230e-02 2.165972066041997601e-02 8.697629934356777559e-01 5.552623597226247903e-02 5.953848392735414108e-02 8.207631266443003781e+00 8.511427980593374798e+00 5.556000000000000175e-03
5.733698858251436159e-02 2.080521037524485709e-02 8.034556203934178908e-01 5.129313009165727827e-02 5.722400573145809688e-02 -7.875708253047044138e+00 7.843199907780079805e+00 5.556000000000000175e-03
5.428151772184494628e-02 1.959085584868558785e-02 7.115465139135009887e-01 4.542559287413931723e-02 5.385164282077592457e-02 7.444892344577453969e+00 7.397402100774205458e+00 5.556000000000000175e-03
6.663754813756372908e-02 2.422626130612338252e-02 1.076471465325286481e+00 6.872263944566114890e-02 6.623668213948077921e-02 -1.089843600222697440e+01 1.076262384097425517e+01 5.556000000000000175e-03
4.719625711836776538e-02 1.657864061556229077e-02 4.963996345184712999e-01 3.169047596971127229e-02 4.497933554111194221e-02 5.335896546419297337e+00 4.826173960389161799e+00 5.556000000000000175e-03
7.517729249809777803e-02 2.820379602488790050e-02 1.417013830829865650e+00 9.046308585263755642e-02 7.599488350466782061e-02 -1.378231179351971036e+01 1.409840875602273691e+01 5.556000000000000175e-03
5.309942686502542447e-02 1.922339153720436025e-02 6.842936506500640892e-01 4.368575233377800654e-02 5.281029143313105412e-02 7.024009849338462175e+00 6.965321266296704117e+00 5.556000000000000175e-03
6.746405275839187365e-02 2.485768927002012657e-02 1.128963691167833572e+00 7.207377733131564712e-02 6.783241766325631694e-02 -1.098460619495585533e+01 1.111242702830108620e+01 5.556000000000000175e-03
6.794932692782477968e-02 1.974916796431109428e-02 7.233691311566037285e-01 4.618035645893744240e-02 5.429718255418834044e-02 9.277060541115124792e+00 6.958678249628285961e+00 5.556000000000000175e-03
6.864254934498897898e-02 1.964941126467251512e-02 7.159137089789029407e-01 4.570439745144206506e-02 5.401665021356982788e-02 -4.345188307652290582e+00 7.163440145347474974e+00 5.556000000000000175e-03
6.659229461590979171e-02 2.901551404900048342e-02 1.489249763134032678e+00 9.507467481775737361e-02 7.790782477980648379e-02 1.064117645197470097e+01 1.483151397770726909e+01 5.556000000000000175e-03
7.249357365568852296e-02 3.273279419601210494e-02 1.830792917834459743e+00 1.168790122588046071e-01 8.638074012874265295e-02 -9.549021097620741472e+00 1.831848370875848175e+01 5.556000000000000175e-03
8.770899647437679914e-02 2.938875197686157889e-02 1.522757398604635659e+00 9.721382408951913245e-02 7.877939987487314610e-02 1.620352732128057127e+01 1.411284989646980392e+01 5.556000000000000175e-03
6.923160082889279199e-02 2.831305118404244675e-02 1.426685178037869761e+00 9.108051095728594837e-02 7.625378115014355696e-02 -1.316494133708500414e+01 1.407008490039092408e+01 5.556000000000000175e-03
6.629481118340327384e-02 2.443849513728011194e-02 1.094045660199624903e+00 6.984458749240476938e-02 6.677517468991482630e-02 1.505609680591173749e+01 1.083592892180432798e+01 5.556000000000000175e-03
5.407452574033572851e-02 1.957989318639311374e-02 7.107296363230034553e-01 4.537344287673456683e-02 5.382072226101330265e-02 -1.262040198267165181e+01 6.940297648533221953e+00 5.556000000000000175e-03
5.671669807813822795e-02 2.043473974213220329e-02 7.751217697760125480e-01 4.948427861457815186e-02 5.620594786642506280e-02 7.648632130527864170e+00 7.433327997764663131e+00 5.556000000000000175e-03
6.881967711286511580e-02 2.552549496473472193e-02 1.185146595532482916e+00 7.566053053753754587e-02 6.949976652304756808e-02 -1.193703176743019689e+01 1.172360504361851774e+01 5.556000000000000175e-03
7.205932100371630067e-02 2.610788280016862820e-02 1.234688790151492688e+00 7.882333650854408957e-02 7.093752984044063292e-02 1.287481246405745772e+01 1.247116985638774977e+01 5.556000000000000175e-03
5.577284480495238450e-02 1.977767558629043784e-02 7.255032193928598883e-01 4.631659804185868368e-02 5.437721751533319131e-02 -7.495430696863630615e+00 7.103293974883301054e+00 5.556000000000000175e-03
6.568504904423458357e-02 2.370883655189261890e-02 1.033924648955161674e+00 6.600642297811057380e-02 6.491450556310952857e-02 1.070692500358687305e+01 1.048306636723654428e+01 5.556000000000000175e-03
5.550374728274497238e-02 1.917052845586592058e-02 6.803950392615212284e-01 4.343686244359162840e-02 5.265963908499821794e-02 -7.966712213534295373e+00 7.236448154875489536e+00 5.556000000000000175e-03
7.955444517495596779e-02 3.024457921217308526e-02 1.600269782725761036e+00 1.021622651751544208e-01 8.075955390194768102e-02 1.515008337458175802e+01 1.564166118269419847e+01 5.556000000000000175e-03
5.642739553031937694e-02 2.062827115399728378e-02 7.898914668788353799e-01 5.042718569703593529e-02 5.673891414027081026e-02 -7.764869052018700479e+00 7.834265401485037472e+00 5.556000000000000175e-03
8.200686749552968391e-02 3.079155646941124369e-02 1.650295911198746079e+00 1.053559657985819326e-01 8.201215443017534357e-02 1.616817385689408226e+01 1.616986608623490085e+01 5.556000000000000175e-03
6.522327335310010299e-02 2.393801547536897681e-02 1.052716906319188794e+00 6.720613292751258239e-02 6.550178086919904163e-02 -1.010181516848081706e+01 1.018060451628696406e+01 5.556000000000000175e-03
7.323085010090657487e-02 2.906604519927970948e-02 1.493775540631843812e+00 9.536360340082890297e-02 7.802611454405337932e-02 1.132245363129560722e+01 1.467739415056169783e+01 5.556000000000000175e-03
5.876809590930472810e-02 2.072902522653763749e-02 7.976081935313876770e-01 5.091982655239183503e-02 5.701539170151272845e-02 -1.070640934790714383e+01 7.933250277014297858e+00 5.556000000000000175e-03
6.096660797580177871e-02 2.231187153140917409e-02 9.212373445507864300e-01 5.881239207238171673e-02 6.127496563893634202e-02 8.814060225733371112e+00 8.904406946004227663e+00 5.556000000000000175e-03
9.420831444044233671e-02 3.746340345110575620e-02 2.288587768509225739e+00 1.461049336848736502e-01 9.657864217151665431e-02 -2.218549059015895963e+01 2.335032214197420686e+01 5.556000000000000175e-03
7.046281980506220732e-02 2.613990746330278545e-02 1.237427542616388321e+00 7.899818024963579932e-02 7.101616209124061996e-02 1.180737868218506392e+01 1.197008283106031179e+01 5.556000000000000175e-03
6.122396903815275487e-02 2.235000444872343311e-02 9.242699265692591037e-01 5.900599408354316455e-02 6.137573700198789561e-02 -8.972706074771572560e+00 9.026764599518537935e+00 5.556000000000000175e-03
5.662238680557626913e-02 1.997822125980673949e-02 7.405603617259852722e-01 4.727785581503030077e-02 5.493859396644999032e-02 7.587142190805420405e+00 7.098691346919813405e+00 5.556000000000000175e-03
5.767262127790672571e-02 2.034842737337377513e-02 7.685572263716996533e-01 4.906519388819977068e-02 5.596743636869543070e-02 -7.760723692953389374e+00 7.235023487888769367e+00 5.556000000000000175e-03
6.449076335926884340e-02 2.304950446267731504e-02 9.803355160170093008e-01 6.258525782906373958e-02 6.320983800963145272e-02 9.686068343672596725e+00 9.270942073090459701e+00 5.556000000000000175e-03
9.176697279493388482e-02 3.582256229758215560e-02 2.127056218368876372e+00 1.357926543194010738e-01 9.310795611910659131e-02 -2.055596331363804197e+01 2.113870269284018022e+01 5.556000000000000175e-03
6.550183181880031569e-02 1.777281828969661318e-02 5.793843209579708775e-01 3.698827239942868716e-02 4.859377943950824591e-02 2.720386243427922679e+00 5.710910308711744321e+00 5.556000000000000175e-03
7.081347677065068236e-02 2.388059088305696798e-02 1.048000291432692688e+00 6.690502116125618404e-02 6.535487836241840598e-02 -1.285295806626893267e+01 1.019865426690465604e+01 5.556000000000000175e-03
7.277298705825022140e-02 2.694189254243310044e-02 1.306497451695826095e+00 8.340764823007730533e-02 7.297121751691093561e-02 1.291953619748599280e+01 1.301215605105145734e+01 5.556000000000000175e-03
5.755173126188897759e-02 2.071651755518116172e-02 7.966492154253377311e-01 5.085860476552502007e-02 5.698110609781081859e-02 -8.023664675155432136e+00 7.859490282506421899e+00 5.556000000000000175e-03
5.964333193350091628e-02 2.175203681973704450e-02 8.770044540553033618e-01 5.598853553453848192e-02 5.978582251266926356e-02 8.584511774225649816e+00 8.629693333638043029e+00 5.556000000000000175e-03
7.092211756790862964e-02 2.609664694314677708e-02 1.233728254059796914e+00 7.876201525885893895e-02 7.090993126033440230e-02 -1.222586436755415029e+01 1.221492921745448967e+01 5.556000000000000175e-03
6.384814448186418301e-02 2.329644873978590700e-02 1.000323321302866608e+00 6.386129233644845249e-02 6.385097098109608627e-02 9.842264473652546641e+00 9.816807984157041034e+00 5.556000000000000175e-03
7.216665024277553464e-02 2.669658441115571948e-02 1.285272514482689088e+00 8.205263441471857822e-02 7.237605696233803676e-02 -1.257601923087274720e+01 1.263824244637372374e+01 5.556000000000000175e-03
6.583156310897637919e-02 2.433155454011186325e-02 1.085181517111139859e+00 6.927869482447360228e-02 6.650411264264394218e-02 1.055544468875526931e+01 1.079862804663136622e+01 5.556000000000000175e-03
5.331076352055433981e-02 1.938957528129127070e-02 6.965856755812548373e-01 4.447048321110603358e-02 5.328249817295813845e-02 -7.026415817642632788e+00 7.030621653731903287e+00 5.556000000000000175e-03
6.735416349733723551e-02 3.118997199050107735e-02 1.686968752247058667e+00 1.076971838559037387e-01 8.291838372688763170e-02 1.187194389175092368e+01 1.652908911382632695e+01 5.556000000000000175e-03
6.823288435076665936e-02 2.404691387021716184e-02 1.061675806432406777e+00 6.777807494561736978e-02 6.577990915146299244e-02 -1.588707997230341107e+01 1.080846435126096416e+01 5.556000000000000175e-03
6.323875762711067550e-02 2.313682855618255652e-02 9.873920797908233293e-01 6.303575345628094351e-02 6.343692580390736246e-02 9.636583785961732929e+00 9.692898556859569581e+00 5.556000000000000175e-03
6.871366944072221372e-02 2.518173042162610842e-02 1.156140990872327690e+00 7.380879384485997119e-02 6.864401991632469724e-02 -1.144493278409197146e+01 1.142689420505568521e+01 5.556000000000000175e-03
9.415954964687130169e-02 3.790792439917432116e-02 2.332826169503894764e+00 1.489291420165738677e-01 9.750760700057839458e-02 2.191014207890835053e+01 2.365311221476487802e+01 5.556000000000000175e-03
7.910993304621385946e-02 2.992261382550964396e-02 1.570999341753025469e+00 1.002936211597954541e-01 8.001756116918733175e-02 -1.511566657277321823e+01 1.545775663664923449e+01 5.556000000000000175e-03
7.597201130270472835e-02 2.734990615878696643e-02 1.341988874925567510e+00 8.567344380441131724e-02 7.395571952908469582e-02 1.446854803716451343e+01 1.376754687932251819e+01 5.556000000000000175e-03
8.321156615880498375e-02 3.125750989080670894e-02 1.693204736555215861e+00 1.080952931555950181e-01 8.307149882395184481e-02 -1.666320713272310883e+01 1.657935479547977309e+01 5.556000000000000175e-03
7.058305258525793269e-02 2.607586996827752565e-02 1.231952549441824640e+00 7.864865311954201410e-02 7.085888256626184101e-02 1.210030532234078038e+01 1.218605885537880518e+01 5.556000000000000175e-03
4.816156675226606482e-02 1.751008451838735949e-02 5.608561907382946243e-01 3.580542449894643514e-02 4.781047604727618056e-02 -5.593331052646719925e+00 5.505799318854743163e+00 5.556000000000000175e-03
5.334499211054342244e-02 1.864491632127920906e-02 6.419370498453824680e-01 4.098167935181156601e-02 5.114975171921434111e-02 6.930907350177847093e+00 6.385160528785544187e+00 5.556000000000000175e-03
5.615566321444967479e-02 2.044840335275328186e-02 7.761622430653405402e-01 4.955070310702274633e-02 5.624365882855435206e-02 -7.464335070908351355e+00 7.469710997740159897e+00 5.556000000000000175e-03
7.673764148995605716e-02 3.112627803065723398e-02 1.681092810015414107e+00 1.073220598768702405e-01 8.277384973976943672e-02 2.296148660126306495e+01 1.569533248911759848e+01 5.556000000000000175e-03
6.541367178098908552e-02 2.530754530722726173e-02 1.166736121337996757e+00 7.448519387433208405e-02 6.895783703604320414e-02 -5.657730064597548569e+00 1.148027160561352034e+01 5.556000000000000175e-03
7.756211054837332253e-02 2.806564069285505739e-02 1.404807377859528916e+00 8.968381794502293392e-02 7.566685765996553070e-02 7.981433769655295940e+00 1.395879225934788792e+01 5.556000000000000175e-03
6.660616392126075813e-02 1.967684407823383844e-02 7.179620045703057896e-01 4.583516197603963727e-02 5.409386834671374433e-02 -1.614238975550077004e+00 6.921945295282249333e+00 5.556000000000000175e-03
4.637790199724330792e-02 1.808115527647928891e-02 6.013175166908205638e-01 3.838850189997031204e-02 4.950501957873643111e-02 6.395295094223352628e+00 6.064272714386858887e+00 5.556000000000000175e-03
6.772388946959316536e-02 2.586395567791570024e-02 1.213877502087557181e+00 7.749473032427756092e-02 7.033714563263661346e-02 -1.339975527554304158e+01 1.195726157793726863e+01 5.556000000000000175e-03
7.922294133873555855e-02 2.984762489697216636e-02 1.564200917270398783e+00 9.985960531305219934e-02 7.984423736962283080e-02 1.382471760495064750e+01 1.560940195446993073e+01 5.556000000000000175e-03
5.702494202452599442e-02 1.983864333665563348e-02 7.300725475475069448e-01 4.660830692722688767e-02 5.454818667875203919e-02 -1.386968161901387475e+01 6.936471720781655748e+00 5.556000000000000175e-03
5.597649382104068205e-02 2.271099943502356139e-02 9.531011966102908017e-01 6.084660114059282920e-02 6.232564998325630656e-02 7.520015557047253552e+00 9.418977297623118972e+00 5.556000000000000175e-03
6.378412864968845131e-02 2.353764329626682403e-02 1.019942291352514907e+00 6.511378016213344166e-02 6.447407334547880509e-02 -1.027539675201916580e+01 1.001771577438030647e+01 5.556000000000000175e-03
6.650838793171254260e-02 2.410959857934932143e-02 1.066841328699903446e+00 6.810784525144748802e-02 6.593973914928923097e-02 1.021318889754704351e+01 9.860546687392933052e+00 5.556000000000000175e-03
8.277317146277113347e-02 3.112178273796229952e-02 1.680678294954344176e+00 1.072955969654004055e-01 8.276364413943214371e-02 -1.672357377603555761e+01 1.672725883764649168e+01 5.556000000000000175e-03
7.052406784449199995e-02 2.548261056717785258e-02 1.181518460369744172e+00 7.542890802576603104e-02 6.939330381782021773e-02 1.220755257818853501e+01 1.185244137950891918e+01 5.556000000000000175e-03
9.043627436230812500e-02 3.633775970061940697e-02 2.177471302417446353e+00 1.390111861200983012e-01 9.420490782886052628e-02 -1.965472095206411396e+01 2.139999423987200089e+01 5.556000000000000175e-03
4.651103538312109653e-02 1.641436223212477258e-02 4.852357546755265982e-01 3.097776660957088368e-02 4.447067343750617935e-02 5.210190365088825715e+00 4.756739961459640398e+00 5.556000000000000175e-03
5.688842048067172669e-02 2.028216589507726708e-02 7.635271541237230730e-01 4.874407079983358870e-02 5.578398718787647842e-02 -7.752872704464618181e+00 7.444983404004575256e+00 5.556000000000000175e-03
4.602789196580167608e-02 1.547751016107354154e-02 4.227899670019621969e-01 2.699118685393016998e-02 4.151066065422414492e-02 5.257260651231886683e+00 4.291824204932409792e+00 5.556000000000000175e-03
6.718706355847095524e-02 2.445307587583559622e-02 1.095255622130942186e+00 6.992183225014088344e-02 6.681208955354976664e-02 -1.077302489927249773e+01 1.058679559141591220e+01 5.556000000000000175e-03
6.783548020533684830e-02 2.518763922072120992e-02 1.156638046483251081e+00 7.384052619879059864e-02 6.865877427113596665e-02 1.198820900271719658e+01 1.167740655058861243e+01 5.556000000000000175e-03
7.883626735044298173e-02 3.090844522229437702e-02 1.661034835345583716e+00 1.060415457103117964e-01 8.227855943292745888e-02 -1.064216986412487032e+01 1.635999249782087617e+01 5.556000000000000175e-03
6.453666181058724527e-02 2.285681015759398471e-02 9.648088881220845403e-01 6.159402779185376570e-02 6.270727908342292600e-02 9.968807320916326375e+00 9.362524792417262987e+00 5.556000000000000175e-03
7.872251153716595951e-02 2.859118243683323943e-02 1.451378111497293011e+00 9.265692391169236264e-02 7.691084689048371947e-02 -1.479651115633410186e+01 1.410774115177926902e+01 5.556000000000000175e-03
5.819271061241358678e-02 1.914726944309639786e-02 6.786814683775284074e-01 4.332746696231926792e-02 5.259328578620312000e-02 8.216151047539071328e+00 6.638113556292034367e+00 5.556000000000000175e-03
5.864476912851717544e-02 2.144667970844756771e-02 8.531091235091604608e-01 5.446304206958978850e-02 5.896571950862197764e-02 -8.104142505866589019e+00 8.191012724721069560e+00 5.556000000000000175e-03
5.424988923420187570e-02 1.993986432955051347e-02 7.376745180976058691e-01 4.709362167826221246e-02 5.483144608460195635e-02 7.174837366276185513e+00 7.350960830437206717e+00 5.556000000000000175e-03
8.030528608114638478e-02 3.019422617457729122e-02 1.595683425593594329e+00 1.018694691487705140e-01 8.064374282869676835e-02 -1.545234270378391095e+01 1.557028036563836260e+01 5.556000000000000175e-03
5.393276230921731362e-02 1.923946993269905550e-02 6.854805220877401295e-01 4.376152297936136693e-02 5.285606993160991279e-02 7.036595308612267452e+00 6.747877628343055711e+00 5.556000000000000175e-03
6.156271033416469557e-02 2.171737887268697029e-02 8.742840583805339127e-01 5.581486370288410437e-02 5.969302514257567027e-02 -8.878231726688458281e+00 8.269728225938996147e+00 5.556000000000000175e-03
8.086384250009913399e-02 3.733037387450845873e-02 2.275387830030591640e+00 1.452622410153582844e-01 9.629972001429393247e-02 1.210805097767555871e+01 2.329749389345302646e+01 5.556000000000000175e-03
7.684478783711157224e-02 3.441952956832242810e-02 1.991208552238613372e+00 1.271200508368893201e-01 9.008566388688166171e-02 -1.509341321949194281e+01 2.004619457139203931e+01 5.556000000000000175e-03
7.702163395116556899e-02 2.908123486472584049e-02 1.495136645839468592e+00 9.545049724376317157e-02 7.806165454541742765e-02 1.441523003601253805e+01 1.484991758902984138e+01 5.556000000000000175e-03
8.004737622288321530e-02 3.044412882561772088e-02 1.618477008849086962e+00 1.033246263491228029e-01 8.121767936124789367e-02 -1.604609500888596330e+01 1.655129122180108681e+01 5.556000000000000175e-03
5.845317471461113773e-02 2.104170482769334230e-02 8.216749639623118773e-01 5.245626485124272459e-02 5.786918102538218117e-02 8.086587187426131251e+00 7.925831605632827959e+00 5.556000000000000175e-03
8.576925999413897994e-02 3.304454192938306029e-02 1.860196245493284328e+00 1.187561398467517904e-01 8.707163322785245463e-02 -1.773174454543554646e+01 1.826473021824483922e+01 5.556000000000000175e-03
7.235677091350631307e-02 2.743663722861433910e-02 1.349563341739497213e+00 8.615700269901659103e-02 7.416413665536190913e-02 1.272903366308666939e+01 1.339783071051944496e+01 5.556000000000000175e-03
6.990929451376445836e-02 2.500234724666371838e-02 1.141076324695532884e+00 7.284705574460825783e-02 6.819533329765724294e-02 -1.169036319343511110e+01 1.109093206588866742e+01 5.556000000000000175e-03
6.148962098974639079e-02 2.202828463111516921e-02 8.987630370816506176e-01 5.737761764617280852e-02 6.052292524509887695e-02 8.948970964346393941e+00 8.649372456242971907e+00 5.556000000000000175e-03
7.412547700010380103e-02 2.718716583976450371e-02 1.327804690521843245e+00 8.476791623400482811e-02 7.356384289313133706e-02 -1.287034291250922635e+01 1.263242797611332868e+01 5.556000000000000175e-03
6.276507141557828573e-02 1.979461992162009909e-02 7.267724208898694860e-01 4.639762469205095663e-02 5.442476071449736663e-02 7.587986395544561447e+00 7.255209396451086867e+00 5.556000000000000175e-03
6.665186518430077367e-02 2.480270764490067475e-02 1.124368344662439512e+00 7.178040741749015796e-02 6.769422397571149552e-02 -1.996335321456215794e+01 1.099976239134536904e+01 5.556000000000000175e-03
6.197637562172414460e-02 2.186687153434031458e-02 8.860331976975210910e-01 5.656493640902329062e-02 6.009278143629126490e-02 9.089863085151224098e+00 8.511706327349159551e+00 5.556000000000000175e-03
6.428210369405269742e-02 2.332521328493463580e-02 1.002658062683975171e+00 6.401034374682122718e-02 6.392544121352035369e-02 -1.009493625505985648e+01 9.984311906126681180e+00 5.556000000000000175e-03
6.712826222993448222e-02 2.440072918301983140e-02 1.090913251749575208e+00 6.964461249683509547e-02 6.667951275248626408e-02 1.059754922577704406e+01 1.042778177816250640e+01 5.556000000000000175e-03
6.824045812756861229e-02 2.482093909849873714e-02 1.125891608160175972e+00 7.187765355127788414e-02 6.774006359747986039e-02 -1.129031002243597825e+01 1.112809363938919027e+01 5.556000000000000175e-03
5.678424589332136535e-02 2.002184735562360235e-02 7.438460587793798151e-01 4.748761685487344619e-02 5.506033407463239299e-02 7.759987844860959605e+00 7.290632276080508234e+00 5.556000000000000175e-03
6.489580476108590401e-02 2.384614022966581939e-02 1.045173190471833991e+00 6.672453719464135902e-02 6.526666769331578022e-02 -1.007328234499046182e+01 1.017744547801754429e+01 5.556000000000000175e-03
6.738719813377158641e-02 2.449363647736379698e-02 1.098623232742742983e+00 7.013682270490248505e-02 6.691472514451139719e-02 1.094314855403081665e+01 1.076963056474633795e+01 5.556000000000000175e-03
5.630322756737721202e-02 1.958488850352712793e-02 7.111018309402334925e-01 4.539720402350660988e-02 5.383481282388329764e-02 -7.641273359794974240e+00 6.955910461539479783e+00 5.556000000000000175e-03
8.485439257771672239e-02 3.301443404969598566e-02 1.857351620804657433e+00 1.185745371539431714e-01 8.700503249111531112e-02 1.740212749453681695e+01 1.833222249159623729e+01 5.556000000000000175e-03
5.933406748499224503e-02 2.147880696171762527e-02 8.556154227515777588e-01 5.462304584556310766e-02 5.905227194983359018e-02 -8.482121207545448627e+00 8.396762410395178122e+00 5.556000000000000175e-03
8.074733256799238035e-02 3.240949864257525875e-02 1.800420256720874690e+00 1.149400017917845407e-01 8.566121977948439048e-02 1.802050888967818310e+01 1.779239810828317303e+01 5.556000000000000175e-03
5.885944551175718853e-02 2.525274828701814731e-02 1.162118607074744681e+00 7.419040875640721400e-02 6.882124682661176773e-02 -6.006121582697865335e+00 1.144954029145558394e+01 5.556000000000000175e-03
6.803614966639046080e-02 2.315170802868019365e-02 9.885957304439420001e-01 6.311259529790635980e-02 6.347557946696065490e-02 8.414575273325034743e+00 9.830310495425003126e+00 5.556000000000000175e-03
6.802576221683805102e-02 1.970875025056269964e-02 7.203461453730121145e-01 4.598736707766076792e-02 5.418360882711067972e-02 -2.399834177981163386e+00 6.935672331926217460e+00 5.556000000000000175e-03
5.980670698367212407e-02 1.914253381045554273e-02 6.783327103713429063e-01 4.330520202406042823e-02 5.257977084040756088e-02 1.084986071247176653e+01 6.656113971784261452e+00 5.556000000000000175e-03
6.207366000223449309e-02 1.672938201234680858e-02 5.066983114370323671e-01 3.234795021165762924e-02 4.544352769685416210e-02 -1.358399310973422836e+01 5.188614451265555871e+00 5.556000000000000175e-03
8.807035573274581142e-02 3.399631219758261769e-02 1.950655797571691386e+00 1.245311365671914194e-01 8.916360728917735456e-02 1.004494848413557939e+01 1.976403840071771256e+01 5.556000000000000175e-03
5.663790716985254992e-02 2.042539384908670722e-02 7.744102883214568633e-01 4.943885717513579053e-02 5.618014632667474306e-02 -1.166610294232921952e+01 7.481688801467466732e+00 5.556000000000000175e-03
8.257169389198305842e-02 2.759088446882946785e-02 1.363060042699125063e+00 8.701864087859818853e-02 7.453406408079042700e-02 1.653189006971309638e+01 1.339055942352193895e+01 5.556000000000000175e-03
6.201838607273638809e-02 2.347798457280952586e-02 1.015080773012895676e+00 6.480341766505492984e-02 6.432023312929989467e-02 -9.780700293444898108e+00 9.957074840264111160e+00 5.556000000000000175e-03
7.050810746925834094e-02 2.568005350530822364e-02 1.198245467345524951e+00 7.649677104529740979e-02 6.988278532952053868e-02 1.185544779543268845e+01 1.157247119009819336e+01 5.556000000000000175e-03
7.745022875359799941e-02 2.948573605860566743e-02 1.531493932414623949e+00 9.777157009799992970e-02 7.900506764178578945e-02 -1.450754828186275525e+01 1.512076721278412883e+01 5.556000000000000175e-03
6.272316751990146544e-02 2.270078268462677462e-02 9.522821934292973189e-01 6.079431544410643373e-02 6.229886590394988904e-02 9.438968521096695596e+00 9.312164556027093809e+00 5.556000000000000175e-03
5.899521366530664085e-02 2.177511822506792913e-02 8.788173463468998969e-01 5.610427175915968373e-02 5.984758348901403346e-02 -8.422407709902516970e+00 8.704505565274320844e+00 5.556000000000000175e-03
6.027946293779639503e-02 2.180633544427861698e-02 8.812707400235803012e-01 5.626089800935928781e-02 5.993106349212375117e-02 8.660717951516307522e+00 8.560677812180088608e+00 5.556000000000000175e-03
5.098196220908635112e-02 1.800467807424819058e-02 5.958585315760575041e-01 3.803999673484016047e-02 4.927979471111748611e-02 -6.146230240149058055e+00 5.699862968700683652e+00 5.556000000000000175e-03
7.291131968020853060e-02 2.659126515733812451e-02 1.276186293192756116e+00 8.147256412976879025e-02 7.211977230016862472e-02 1.284386364224734933e+01 1.252427451823902338e+01 5.556000000000000175e-03
6.622053549857456756e-02 2.404802881742230947e-02 1.061767628974024102e+00 6.778393695647769168e-02 6.578275368640279508e-02 -1.031772629694321175e+01 1.019259779712987246e+01 5.556000000000000175e-03
6.512297700903720010e-02 2.370936361698906120e-02 1.033967770552570054e+00 6.600917588897395327e-02 6.491585923428458416e-02 1.694514928884879978e+01 1.016833939599236025e+01 5.556000000000000175e-03
7.973054669369451786e-02 3.396851129741274705e-02 1.947998929293374371e+00 1.243615203659015900e-01 8.910286446606698052e-02 -1.666399684512854407e+01 1.888275474197744686e+01 5.556000000000000175e-03
8.772657628817508157e-02 3.420643493821177994e-02 1.970764787027862841e+00 1.258149075509355230e-01 8.962201537866167078e-02 1.892275474888992903e+01 1.983615640215301212e+01 5.556000000000000175e-03
5.300010408107307808e-02 1.893571886613014399e-02 6.631455362406977194e-01 4.233564293624622610e-02 5.198783528861148501e-02 -6.698638531359637049e+00 6.446790225704806865e+00 5.556000000000000175e-03
8.406435469760016599e-02 3.152773200046504742e-02 1.718210842132557259e+00 1.096916992219764270e-01 8.368267156266671891e-02 1.689003774332291741e+01 1.675540182849309900e+01 5.556000000000000175e-03
5.593428294934973261e-02 1.992414920314992954e-02 7.364929797424834002e-01 4.701819150014247689e-02 5.478751653461062104e-02 -7.349821827573006061e+00 6.963108907665734648e+00 5.556000000000000175e-03
6.473228912822684422e-02 2.285989172243000148e-02 9.650567028145875526e-01 6.160984844322334869e-02 6.271533186337786836e-02 1.014742754788668577e+01 9.473471339816194714e+00 5.556000000000000175e-03
5.561192797596958143e-02 1.965221930973111777e-02 7.161233069897133818e-01 4.571777832496210642e-02 5.402455686051995526e-02 -7.390493507973468823e+00 6.960995630475188101e+00 5.556000000000000175e-03
5.552502854338432769e-02 2.017742897810668665e-02 7.555931952585883682e-01 4.823756169854440806e-02 5.549339920805518300e-02 7.461204923131784739e+00 7.469144976652970946e+00 5.556000000000000175e-03
5.630325729674383328e-02 2.027019950639262144e-02 7.626196369146696075e-01 4.868613431014719856e-02 5.575082531534313740e-02 -7.752911226468639505e+00 7.613284576349954591e+00 5.556000000000000175e-03
5.853011218840734053e-02 2.141817759719822148e-02 8.508871665792395733e-01 5.432119089203664430e-02 5.888888015243357726e-02 4.350687236139717307e+00 8.377855054789332456e+00 5.556000000000000175e-03
9.116459774566743057e-02 2.542115991677973072e-02 1.176324377741624350e+00 7.509731440791253543e-02 6.924060558822138500e-02 -1.926770226776651640e+01 1.079494311572682541e+01 5.556000000000000175e-03
6.990795971068518300e-02 2.581155419668009973e-02 1.209418171467331105e+00 7.721004375314750867e-02 7.020783061476236486e-02 1.174293079975011977e+01 1.181931245174885703e+01 5.556000000000000175e-03
6.402584705912689467e-02 2.363739465185344529e-02 1.028083808321043735e+00 6.563353990792462900e-02 6.473088856524247814e-02 -1.058119635470083253e+01 1.085207793110113350e+01 5.556000000000000175e-03
9.498650090291947679e-02 3.721595716572358853e-02 2.264049249612019032e+00 1.445383786566883932e-01 9.605948277190952400e-02 2.205064296682852287e+01 2.256159130257391965e+01 5.556000000000000175e-03
5.775759631339592165e-02 2.072983896554501243e-02 7.976705938646869720e-01 5.092381023031062465e-02 5.701762193804479212e-02 -8.280948427591283689e+00 8.075026335055184745e+00 5.556000000000000175e-03
6.592799854417949468e-02 2.411951193658640538e-02 1.067658807773118612e+00 6.816003364790068630e-02 6.596499784200604566e-02 1.100795843970771770e+01 1.106692873555667234e+01 5.556000000000000175e-03
5.599246259681728288e-02 2.023534806320616969e-02 7.599780816378390869e-01 4.851749570084550739e-02 5.565418694663312044e-02 -7.779195085992088643e+00 7.714190623721146167e+00 5.556000000000000175e-03
6.910986531124656274e-02 2.490966917906707948e-02 1.133312427976846060e+00 7.235140352150874754e-02 6.796293639065793812e-02 1.178383521679699086e+01 1.144003684911983321e+01 5.556000000000000175e-03
6.126521802968099006e-02 2.193667380211841364e-02 8.915325849838728889e-01 5.691602087510135716e-02 6.027898341647332237e-02 -9.027334877361735010e+00 8.723172479883256614e+00 5.556000000000000175e-03
6.321831592912798004e-02 2.414979266756435428e-02 1.070156792711280502e+00 6.831950663327526763e-02 6.604212140404000508e-02 1.001506664116702794e+01 1.071406716762582256e+01 5.556000000000000175e-03
6.687781729597339075e-02 2.292400146828182939e-02 9.702159061035047216e-01 6.193921534134544382e-02 6.288274682315000974e-02 -1.967746961741044132e+01 9.846794831179291663e+00 5.556000000000000175e-03
7.611910473100869101e-02 2.851538315619597461e-02 1.444638241966067493e+00 9.222664625118304205e-02 7.673206085677160282e-02 1.417831316999519942e+01 1.440548513910693984e+01 5.556000000000000175e-03
5.765696407431225579e-02 2.099374361223349875e-02 8.179718241346930485e-01 5.221985399281516699e-02 5.773863082350922521e-02 -8.190393382153139612e+00 8.205428113215829100e+00 5.556000000000000175e-03
6.795815866655420534e-02 2.487475961106861908e-02 1.130391370435037901e+00 7.216492130557275453e-02 6.787529430301229849e-02 1.146877391803479718e+01 1.145591394712428368e+01 5.556000000000000175e-03
6.433442759287344437e-02 2.269823288381520379e-02 9.520778216803448268e-01 6.078126821854723527e-02 6.229218048472097424e-02 -9.753926295274412794e+00 9.109078276499769089e+00 5.556000000000000175e-03
6.869641834127365732e-02 2.492655193945825243e-02 1.134725763391313924e+00 7.244163177486510896e-02 6.800530092058998388e-02 1.118039960748724049e+01 1.093846453745148040e+01 5.556000000000000175e-03
6.903740849948508673e-02 2.564093436777696577e-02 1.194926743779696210e+00 7.628490157139050654e-02 6.978594271204151267e-02 -1.166806198995675992e+01 1.191978043415240052e+01 5.556000000000000175e-03
8.256454066324757368e-02 3.109764047495821443e-02 1.678452539200143923e+00 1.071535032684311217e-01 8.270882321179091889e-02 1.617879844998005723e+01 1.622339187669233951e+01 5.556000000000000175e-03
5.061655266431085154e-02 1.820332772497620585e-02 6.100638728349910833e-01 3.894687497266253323e-02 4.986375300874097000e-02 -6.420573016418123835e+00 6.269595356023621946e+00 5.556000000000000175e-03
8.473597472850902257e-02 3.222500368167803553e-02 1.783142641268675055e+00 1.138369875685106419e-01 8.524920778346793682e-02 1.774807236678175926e+01 1.796565892540097309e+01 5.556000000000000175e-03
1.036155380401832388e-01 4.073676406316344839e-02 2.618922175036040301e+00 1.671936973423281680e-01 1.033138641740245917e-01 -2.580241982457286909e+01 2.542361329407556880e+01 5.556000000000000175e-03
5.054884726566100106e-02 1.610242549752121180e-02 4.642108461053495172e-01 2.963552275305616004e-02 4.349656393314518810e-02 7.411614469347044043e+00 4.361737127993770002e+00 5.556000000000000175e-03
6.496060453629079467e-02 2.430098297270772215e-02 1.082650783530350935e+00 6.911713114442469275e-02 6.642652081680715248e-02 -4.626600125560135446e+00 1.066814460401340980e+01 5.556000000000000175e-03
6.990593191116263594e-02 2.525652179922410062e-02 1.162436439533621524e+00 7.421069938758424744e-02 6.883065728204930400e-02 7.591066808065134452e+00 1.144406302198787451e+01 5.556000000000000175e-03
6.443587055366449545e-02 1.822154852251203425e-02 6.113709938426038493e-01 3.903032242910847022e-02 4.991714338867010714e-02 1.902429269992614858e+00 5.972214824924123810e+00 5.556000000000000175e-03
6.783816338383899525e-02 2.744115668848839951e-02 1.349958326224084404e+00 8.618221876576361018e-02 7.417498888412048241e-02 1.342712755382182621e+01 1.355345730262526871e+01 5.556000000000000175e-03
7.599247225521388316e-02 3.335267370864315045e-02 1.889368946562320906e+00 1.206185440830012251e-01 8.775173167738820057e-02 -1.382232454226254958e+01 1.875444673440477672e+01 5.556000000000000175e-03
5.389331250944896790e-02 1.933517958078731502e-02 6.925562040655903751e-01 4.421323912517580862e-02 5.312816561452126524e-02 1.219046635930288680e+01 6.982178501192417563e+00 5.556000000000000175e-03
6.230874263042695399e-02 2.263056857121737916e-02 9.466583908434950123e-01 6.043528822428051450e-02 6.211463725541997716e-02 -1.315805654627078880e+01 9.270100687149536611e+00 5.556000000000000175e-03
7.772194454670208752e-02 2.924811976649551240e-02 1.510110679143130685e+00 9.640644928236545563e-02 7.845158067953882097e-02 1.492823668553897498e+01 1.523516484424080275e+01 5.556000000000000175e-03
8.069970612617276273e-02 2.681193966001878259e-02 1.295242784937249869e+00 8.268914297411403269e-02 7.265623677566535044e-02 -1.621341638457072065e+01 1.314427413110676923e+01 5.556000000000000175e-03
5.878062188917244912e-02 2.124763176937955259e-02 8.376221623807299510e-01 5.347434438458752853e-02 5.842804953980726412e-02 8.107067907084621439e+00 7.969366703055716705e+00 5.556000000000000175e-03
7.630885292474125225e-02 2.811894033155842854e-02 1.409513495216469181e+00 8.998425954215551192e-02 7.579349401743006032e-02 -1.398539207859931821e+01 1.377522151690059182e+01 5.556000000000000175e-03
9.257962594800321632e-02 3.603026569168321647e-02 2.147347382059233034e+00 1.370880554249045147e-01 9.355100610329987465e-02 2.061158477320844185e+01 2.102332449202811659e+01 5.556000000000000175e-03
5.471832470337274767e-02 1.967134750790320435e-02 7.175514811045761165e-01 4.580895389061603179e-02 5.407840096997127560e-02 -7.290953234731792243e+00 7.146046856870347241e+00 5.556000000000000175e-03
7.942626639002389743e-02 2.987791149135808622e-02 1.566945805462413022e+00 1.000348407629593067e-01 7.991426272192295177e-02 1.522199289802931510e+01 1.538845019673208192e+01 5.556000000000000175e-03
6.420606661737038312e-02 2.365235315279596781e-02 1.029306081222199021e+00 6.571157060599326638e-02 6.476935591027178918e-02 -1.008250520101625547e+01 1.034855077471964080e+01 5.556000000000000175e-03
5.425226116781595859e-02 1.881114314279738395e-02 6.540390744918368471e-01 4.175428048721599450e-02 5.162964710911641109e-02 7.109910327878676384e+00 6.389555157620897319e+00 5.556000000000000175e-03
5.471200634903880533e-02 1.970075601312301292e-02 7.197486025859114456e-01 4.594921955695628613e-02 5.416113092395989648e-02 -7.279051882181088118e+00 7.133654930654096837e+00 5.556000000000000175e-03
6.804971318273740633e-02 2.629781646764310990e-02 1.250953819369879705e+00 7.986170656716017058e-02 7.140324474902759455e-02 1.771840664010071009e+01 1.237070304817885535e+01 5.556000000000000175e-03
6.207684087899200537e-02 2.151261568038413674e-02 8.582548783672508952e-01 5.479155041112901414e-02 5.914328587125360776e-02 -5.764748319717718061e+00 8.481299553584753070e+00 5.556000000000000175e-03
5.811523237486903443e-02 2.118885788226759770e-02 8.330628428761578386e-01 5.318327445795868053e-02 5.826881566788635891e-02 7.970198957963725128e+00 8.001257861488783263e+00 5.556000000000000175e-03
7.786605327551707201e-02 2.966543440375736876e-02 1.547713725139420182e+00 9.880705222940291965e-02 7.942233040370388908e-02 -1.420663879771768023e+01 1.475585385439180008e+01 5.556000000000000175e-03
7.399346193319150666e-02 2.740650799461540749e-02 1.346930882465291912e+00 8.598894478444667200e-02 7.409176903755207433e-02 1.320128960683051744e+01 1.322107561344024163e+01 5.556000000000000175e-03
6.006213456349145802e-02 2.239635308461734517e-02 9.279592231561484272e-01 5.924152118046652898e-02 6.149810806685139519e-02 -8.880193330147983843e+00 9.380238886894986194e+00 5.556000000000000175e-03
7.445453187127297479e-02 2.763498150170998202e-02 1.366924615971382151e+00 8.726535775327205757e-02 7.463964947910559089e-02 1.326588471469240638e+01 1.330975131261329203e+01 5.556000000000000175e-03
6.704679796483435650e-02 2.388639906475393745e-02 1.048477111487646551e+00 6.693546166411443177e-02 6.536974428047497010e-02 -1.073253089522753001e+01 1.017519354159202827e+01 5.556000000000000175e-03
8.268666609749025787e-02 3.163409581795638414e-02 1.728077963405395767e+00 1.103216226704302749e-01 8.392260865273278025e-02 1.652432256588850734e+01 1.701026919079557231e+01 5.556000000000000175e-03
5.790452282940399681e-02 2.108224340503666097e-02 8.248082508769010168e-01 5.265629592856073404e-02 5.797941209432409121e-02 -8.009460854682316722e+00 8.025780574696284475e+00 5.556000000000000175e-03
6.731334837208406696e-02 2.288155456771355858e-02 9.667992432350602794e-01 6.172109335857226681e-02 6.277192683503214632e-02 5.816142602705121512e+00 9.543061813528995074e+00 5.556000000000000175e-03
6.992937772111833261e-02 2.242330669719204417e-02 9.301063844965488103e-01 5.937859735887076468e-02 6.156921575193512880e-02 -1.263819854293783962e+01 9.005661121017611848e+00 5.556000000000000175e-03
8.521539771132083385e-02 3.292343668307086413e-02 1.848760472581790326e+00 1.180260726560329182e-01 8.680357911988341446e-02 1.762878187948708586e+01 1.827808025441389361e+01 5.556000000000000175e-03
6.664806464632856697e-02 2.404134955967803314e-02 1.061217581850625979e+00 6.774882158987761971e-02 6.576571215072309073e-02 -1.084716691005722033e+01 1.057046472569460249e+01 5.556000000000000175e-03
7.652061824779199384e-02 2.852341337868822407e-02 1.445351903693849138e+00 9.227220688068815679e-02 7.675101161280070694e-02 1.412023818232891159e+01 1.419420292542593565e+01 5.556000000000000175e-03
6.603437437388487430e-02 2.412414124452010034e-02 1.068040604865235554e+00 6.818440782292353730e-02 6.597679140049229896e-02 -1.049419116273035435e+01 1.047346723761921439e+01 5.556000000000000175e-03
8.132406572938043199e-02 3.084297014954908225e-02 1.655017357290374358e+00 1.056573859921205033e-01 8.212938777165920690e-02 1.582985256109502004e+01 1.611148285020987458e+01 5.556000000000000175e-03
6.892955700841287003e-02 2.522041529926750264e-02 1.159396172700259298e+00 7.401660677283516954e-02 6.874058759526288642e-02 -1.163810003198787513e+01 1.158666375487470113e+01 5.556000000000000175e-03
4.874265770157756167e-02 1.704274783356014150e-02 5.282730500867465206e-01 3.372529557855097337e-02 4.640091415924749163e-02 5.806015885420936939e+00 5.247697184971871209e+00 5.556000000000000175e-03
6.176182611919122517e-02 2.251751466202826096e-02 9.376208329977074873e-01 5.985832464529917962e-02 6.181742821177036579e-02 -9.175153572998263840e+00 9.174738919938603132e+00 5.556000000000000175e-03
6.281742578224680518e-02 2.341155469887921253e-02 1.009674297369097751e+00 6.445826473875028439e-02 6.414871473534139446e-02 9.529462200845284059e+00 9.944262075556546066e+00 5.556000000000000175e-03
8.414399380419658458e-02 3.133662177008457450e-02 1.700516471641640548e+00 1.085620790856007961e-01 8.325066867385647051e-02 -1.750892911578231192e+01 1.712381083161895745e+01 5.556000000000000175e-03
5.599187828283466728e-02 2.048935841008765746e-02 7.792830274740660812e-01 4.974993601622363509e-02 5.635661733199912038e-02 7.553677456013133451e+00 7.637227865876862865e+00 5.556000000000000175e-03
6.792889197244474098e-02 2.475251376874696568e-02 1.120177222298728958e+00 7.151284343613846517e-02 6.756793988898517067e-02 -1.115585783567759215e+01 1.102644966003869875e+01 5.556000000000000175e-03
7.060268323232547771e-02 2.605476737685490096e-02 1.230149663423473649e+00 7.853355570192183110e-02 7.080701479681353327e-02 1.232384876347147618e+01 1.242082278551390395e+01 5.556000000000000175e-03
9.939541377792100729e-02 4.128261676646773071e-02 2.675007785709599073e+00 1.707742392559440658e-01 1.044142646304571376e-01 -2.574707591301707055e+01 2.857297611539999593e+01 5.556000000000000175e-03
6.095398127180206432e-02 2.193480605252107890e-02 8.913853233023061318e-01 5.690661959343949750e-02 6.027400482612031013e-02 8.533159471567538290e+00 8.275346901740963546e+00 5.556000000000000175e-03
7.872812211522810244e-02 2.928570073445390526e-02 1.513487721768002725e+00 9.662204188298455232e-02 7.853925186272056602e-02 -1.471378506356770366e+01 1.460947368064208618e+01 5.556000000000000175e-03
5.995725209974079456e-02 2.176564891070015620e-02 8.780734809695657228e-01 5.605678290899569066e-02 5.982224945913382219e-02 8.727881999720590755e+00 8.685269311035343165e+00 5.556000000000000175e-03
8.246905309269973727e-02 3.093204060794894905e-02 1.663204665676657701e+00 1.061800690918448115e-01 8.233228264328808221e-02 -1.657578234198341249e+01 1.653544552540379087e+01 5.556000000000000175e-03
